Useful Baxter joint angle Positions
Position1: [0.0519, -0.841,-0.134,1.008,-0.134,0.701,0.206]
Position2: [0.918, -1.172, 0.497, 1.148, -0.532, 1.571, 1.816]
Position3: [-0.46493485, 0.68480508, 2.99086669, 1.29758026, -0.70433685, 0.37036563, -1.92823455]
